movie_id
1
2
3
4
5
6
7
9
10
11
12
13
14
15
16
17
18
19
20
21
22
23
24
25
26
27
28
29
31
32
34
36
39
41
42
43
44
45
46
47
48
50
52
57
58
60
62
63
65
66
69
70
73
74
76
79
81
85
86
88
89
92
93
94
95
97
100
101
104
105
107
110
111
112
122
123
125
135
140
141
144
145
147
150
151
153
154
157
158
159
160
161
162
163
164
165
168
169
170
172
173
174
175
176
177
180
181
185
186
188
191
193
194
195
196
198
199
203
204
207
208
215
216
218
222
223
224
225
227
229
230
231
232
233
234
235
236
237
239
246
247
248
249
252
253
256
257
259
260
261
262
265
266
267
272
273
276
277
280
281
282
288
289
290
292
293
296
300
303
305
306
307
308
314
315
316
317
318
319
322
327
328
329
332
333
337
338
339
342
344
345
346
348
349
350
351
353
355
356
357
358
360
361
362
364
365
366
367
368
370
371
372
373
374
376
377
379
380
381
382
383
393
405
407
410
412
413
415
416
417
419
420
423
426
427
428
429
431
432
434
435
436
440
441
442
446
448
450
454
455
457
459
464
466
468
471
473
474
475
477
479
480
481
482
485
489
490
491
492
493
494
497
500
501
502
504
506
507
508
509
512
514
515
516
517
518
519
520
521
522
524
527
529
531
532
533
534
535
537
538
539
540
541
542
543
544
546
548
550
551
552
553
555
556
558
562
565
569
574
575
585
586
587
588
589
590
592
593
594
595
596
597
599
605
608
610
611
616
627
628
637
640
647
648
653
661
662
663
665
671
673
674
678
680
688
694
707
708
709
714
719
720
724
728
733
736
737
741
742
743
745
748
750
761
762
765
766
778
780
781
782
783
784
785
786
788
798
799
800
801
802
804
805
810
818
829
830
832
833
836
837
838
839
842
848
849
851
852
858
861
866
879
880
886
891
898
899
900
901
902
903
904
905
906
908
909
910
911
912
913
914
915
916
918
919
920
921
922
923
924
926
928
930
931
932
933
934
936
938
940
942
943
945
946
947
948
949
950
951
952
953
954
955
965
968
969
971
986
991
994
996
999
1003
1004
1005
1007
1009
1010
1011
1012
1013
1014
1015
1016
1017
1019
1020
1021
1022
1023
1025
1027
1028
1029
1030
1031
1032
1033
1034
1035
1036
1037
1041
1042
1047
1049
1050
1051
1057
1059
1060
1061
1073
1077
1078
1079
1080
1081
1082
1083
1084
1086
1088
1089
1090
1091
1092
1093
1094
1095
1096
1097
1099
1100
1101
1103
1104
1111
1120
1124
1125
1126
1127
1128
1129
1130
1131
1132
1135
1136
1147
1148
1161
1171
1172
1173
1175
1176
1177
1178
1179
1183
1185
1186
1187
1188
1189
1190
1191
1193
1194
1196
1197
1198
1199
1200
1201
1202
1203
1204
1206
1207
1208
1209
1210
1211
1212
1213
1214
1215
1216
1217
1218
1219
1220
1221
1222
1223
1224
1225
1226
1227
1228
1230
1231
1232
1233
1234
1235
1237
1238
1240
1241
1242
1243
1244
1245
1246
1247
1248
1249
1250
1251
1252
1253
1254
1255
1256
1257
1258
1259
1260
1261
1262
1263
1264
1265
1266
1267
1268
1269
1270
1271
1272
1273
1274
1275
1276
1277
1278
1279
1280
1281
1282
1283
1284
1285
1286
1287
1288
1289
1290
1291
1292
1293
1295
1296
1297
1298
1299
1300
1301
1302
1303
1304
1305
1307
1320
1321
1327
1333
1334
1339
1340
1342
1343
1344
1345
1346
1347
1348
1350
1353
1354
1356
1357
1358
1359
1361
1366
1367
1370
1371
1372
1373
1374
1375
1376
1377
1378
1379
1380
1381
1385
1387
1388
1389
1390
1391
1392
1393
1394
1395
1396
1399
1401
1405
1407
1408
1409
1411
1414
1416
1419
1422
1425
1429
1431
1432
1438
1441
1445
1446
1449
1453
1457
1459
1461
1464
1466
1474
1476
1479
1480
1483
1485
1487
1488
1498
1499
1500
1503
1513
1515
1517
1518
1527
1537
1541
1542
1544
1552
1554
1556
1562
1566
1569
1573
1580
1584
1586
1587
1588
1589
1590
1591
1592
1593
1594
1597
1603
1608
1610
1611
1614
1615
1616
1617
1619
1620
1625
1627
1633
1635
1639
1641
1643
1644
1645
1648
1649
1653
1658
1660
1663
1665
1667
1672
1673
1674
1676
1678
1680
1681
1682
1683
1687
1688
1689
1690
1693
1694
1701
1702
1704
1707
1711
1713
1717
1719
1721
1722
1726
1727
1729
1730
1732
1734
1735
1747
1748
1752
1753
1754
1760
1762
1769
1772
1777
1779
1784
1785
1792
1797
1799
1801
1804
1805
1809
1810
1821
1831
1833
1834
1835
1836
1840
1845
1848
1858
1862
1863
1866
1873
1875
1876
1882
1883
1884
1885
1888
1889
1892
1894
1895
1907
1909
1911
1912
1913
1914
1916
1917
1918
1920
1921
1923
1924
1927
1931
1938
1939
1944
1945
1946
1947
1948
1949
1950
1951
1952
1953
1954
1955
1956
1957
1958
1959
1960
1961
1962
1963
1964
1965
1966
1967
1968
1969
1970
1971
1972
1973
1974
1975
1976
1977
1978
1979
1980
1981
1982
1983
1984
1985
1986
1991
1992
1993
1994
1995
1996
1997
1998
1999
2000
2001
2002
2003
2004
2005
2006
2009
2010
2011
2012
2013
2014
2015
2018
2019
2020
2021
2022
2023
2025
2026
2027
2028
2033
2034
2036
2042
2046
2048
2050
2052
2053
2054
2058
2059
2060
2064
2065
2066
2067
2068
2070
2071
2072
2076
2078
2080
2081
2082
2083
2084
2085
2087
2088
2089
2090
2091
2093
2094
2096
2097
2099
2100
2102
2105
2106
2107
2108
2109
2110
2111
2112
2114
2115
2116
2117
2118
2119
2120
2121
2122
2123
2124
2125
2126
2130
2132
2133
2134
2135
2136
2137
2138
2139
2140
2141
2142
2143
2144
2145
2146
2147
2148
2150
2151
2153
2155
2159
2160
2161
2162
2163
2167
2169
2174
2176
2178
2181
2183
2184
2186
2188
2193
2194
2195
2202
2203
2206
2208
2212
2231
2232
2236
2240
2243
2245
2247
2248
2249
2252
2253
2259
2261
2262
2263
2265
2266
2268
2269
2273
2278
2279
2282
2287
2288
2289
2290
2291
2294
2296
2297
2300
2301
2302
2303
2306
2311
2312
2313
2315
2316
2318
2320
2321
2322
2324
2325
2328
2329
2333
2334
2335
2336
2337
2338
2340
2344
2346
2348
2349
2351
2352
2353
2354
2355
2356
2357
2359
2360
2361
2363
2366
2367
2369
2371
2372
2373
2374
2375
2376
2377
2378
2379
2380
2381
2382
2383
2384
2385
2387
2389
2390
2391
2392
2393
2394
2395
2396
2398
2399
2401
2402
2403
2404
2405
2406
2407
2408
2409
2410
2411
2412
2413
2414
2416
2420
2421
2422
2423
2424
2427
2428
2429
2431
2432
2433
2439
2442
2447
2448
2450
2453
2454
2455
2456
2457
2458
2459
2463
2467
2468
2469
2470
2471
2473
2474
2476
2478
2485
2488
2490
2495
2496
2497
2500
2501
2502
2504
2505
2506
2511
2513
2514
2517
2518
2519
2520
2524
2527
2528
2529
2530
2531
2532
2533
2539
2540
2541
2542
2549
2550
2551
2553
2555
2558
2560
2561
2565
2567
2568
2571
2572
2574
2579
2580
2581
2583
2587
2594
2596
2598
2599
2600
2605
2606
2611
2612
2613
2616
2617
2622
2628
2633
2639
2640
2641
2642
2643
2644
2648
2654
2657
2660
2662
2664
2668
2671
2672
2676
2677
2683
2686
2687
2688
2690
2692
2693
2694
2696
2699
2700
2701
2702
2706
2707
2709
2710
2712
2713
2716
2717
2718
2719
2720
2722
2723
2724
2726
2728
2729
2730
2731
2732
2734
2735
2736
2739
2745
2746
2747
2748
2750
2752
2759
2761
2762
2763
2764
2770
2771
2772
2779
2787
2788
2789
2791
2792
2793
2794
2795
2796
2797
2798
2799
2802
2803
2804
2805
2806
2807
2808
2810
2815
2819
2822
2826
2827
2829
2836
2840
2841
2843
2846
2852
2857
2858
2859
2860
2861
2862
2863
2866
2867
2870
2871
2872
2875
2877
2881
2883
2889
2890
2891
2901
2902
2905
2906
2907
2908
2912
2915
2916
2917
2918
2919
2921
2922
2924
2926
2927
2929
2932
2935
2936
2940
2941
2942
2944
2946
2947
2948
2949
2950
2951
2952
2953
2956
2959
2961
2966
2968
2970
2971
2973
2976
2978
2985
2986
2987
2989
2990
2991
2993
2995
2997
3000
3004
3005
3006
3007
3011
3015
3016
3018
3019
3020
3022
3024
3030
3032
3033
3034
3035
3036
3037
3039
3040
3044
3052
3053
3054
3060
3061
3062
3063
3066
3067
3068
3070
3071
3072
3074
3075
3079
3081
3082
3083
3087
3088
3089
3090
3091
3093
3095
3097
3098
3099
3100
3101
3102
3104
3105
3107
3108
3111
3113
3114
3120
3125
3129
3130
3134
3135
3142
3145
3146
3147
3148
3152
3153
3155
3156
3157
3159
3160
3163
3167
3168
3169
3173
3174
3175
3176
3177
3178
3179
3181
3185
3186
3189
3190
3194
3196
3197
3198
3200
3201
3203
3204
3208
3210
3213
3219
3238
3243
3244
3246
3247
3248
3249
3250
3251
3252
3253
3254
3255
3256
3257
3258
3259
3260
3261
3262
3263
3264
3265
3266
3267
3268
3269
3270
3271
3272
3273
3274
3275
3285
3296
3298
3300
3301
3307
3308
3310
3316
3317
3324
3328
3334
3342
3347
3354
3355
3358
3359
3360
3361
3362
3363
3364
3365
3384
3386
3387
3388
3392
3394
3396
3397
3398
3408
3409
3412
3418
3420
3421
3422
3424
3426
3429
3430
3435
3438
3439
3440
3441
3444
3448
3450
3451
3452
3461
3462
3466
3467
3468
3469
3471
3476
3477
3478
3479
3480
3481
3483
3484
3489
3494
3498
3499
3503
3504
3505
3507
3508
3510
3512
3513
3519
3521
3524
3525
3526
3527
3528
3529
3534
3535
3536
3543
3545
3546
3548
3549
3550
3551
3552
3555
3556
3564
3565
3566
3576
3578
3591
3593
3594
3598
3608
3614
3615
3616
3617
3618
3623
3624
3629
3633
3635
3638
3639
3646
3649
3654
3668
3671
3675
3676
3677
3681
3682
3683
3684
3685
3686
3688
3689
3693
3697
3698
3699
3700
3701
3702
3703
3704
3705
3706
3707
3708
3712
3717
3723
3726
3727
3728
3729
3730
3733
3735
3740
3741
3742
3744
3745
3751
3752
3753
3754
3755
3760
3763
3764
3770
3783
3784
3785
3786
3788
3791
3793
3798
3801
3802
3809
3811
3812
3814
3819
3821
3824
3825
3826
3827
3831
3835
3836
3841
3844
3852
3858
3861
3863
3865
3868
3869
3871
3873
3877
3879
3882
3889
3893
3895
3896
3897
3908
3910
3911
3916
3917
3918
3925
3927
3930
3932
3946
3948
3949
3950
3952
3953
3955
3959
3967
3968
3969
3972
3973
3977
3978
3979
3980
3981
3983
3984
3986
3987
3988
3991
3992
3993
3994
3996
3997
3998
3999
4002
4003
4005
4006
4007
4008
4009
4010
4011
4014
4015
4016
4017
4018
4019
4020
4021
4022
4023
4025
4027
4029
4030
4031
4033
4034
4036
4037
4039
4040
4041
4047
4052
4054
4056
4061
4062
4066
4067
4069
4079
4080
4082
4084
4085
4086
4090
4091
4102
4103
4104
4105
4117
4121
4124
4128
4132
4133
4144
4148
4149
4153
4155
4158
4159
4161
4167
4205
4207
4210
4211
4214
4215
4218
4220
4223
4224
4225
4226
4228
4231
4232
4234
4235
4238
4239
4246
4247
4248
4251
4254
4255
4262
4265
4267
4270
4275
4280
4285
4291
4292
4296
4298
4299
4304
4305
4306
4308
4310
4317
4318
4321
4322
4326
4327
4329
4333
4340
4343
4344
4345
4349
4351
4356
4359
4361
4366
4367
4368
4369
4370
4372
4378
4380
4383
4386
4387
4388
4396
4406
4410
4427
4432
4437
4443
4446
4447
4448
4450
4452
4464
4465
4467
4474
4477
4478
4480
4487
4488
4489
4492
4498
4499
4506
4508
4509
4519
4526
4531
4533
4541
4544
4545
4546
4553
4557
4558
4563
4564
4571
4572
4577
4587
4613
4614
4616
4621
4623
4624
4638
4639
4641
4642
4643
4649
4654
4661
4662
4673
4676
4677
4678
4679
4681
4686
4699
4700
4701
4703
4713
4718
4719
4720
4723
4725
4727
4728
4732
4733
4734
4735
4744
4745
4748
4754
4757
4770
4776
4787
4799
4803
4809
4812
4814
4815
4816
4821
4823
4835
4844
4846
4848
4855
4857
4865
4866
4867
4873
4874
4876
4878
4880
4881
4886
4887
4889
4890
4896
4899
4901
4902
4903
4912
4914
4915
4929
4932
4936
4941
4945
4951
4954
4957
4958
4963
4967
4971
4973
4974
4975
4978
4979
4980
4990
4992
4993
4994
4995
5004
5008
5009
5010
5013
5014
5015
5016
5021
5025
5026
5027
5039
5040
5047
5048
5049
5055
5060
5064
5065
5066
5072
5074
5092
5093
5094
5102
5103
5105
5106
5107
5108
5110
5111
5120
5127
5128
5135
5139
5146
5147
5151
5152
5159
5171
5177
5214
5218
5219
5220
5222
5225
5237
5247
5250
5254
5265
5266
5267
5269
5282
5283
5291
5292
5293
5294
5296
5298
5299
5303
5308
5309
5312
5313
5316
5319
5323
5325
5329
5339
5349
5363
5364
5377
5378
5379
5380
5385
5387
5388
5389
5391
5400
5401
5410
5414
5415
5418
5419
5420
5421
5438
5444
5445
5446
5449
5452
5459
5463
5464
5478
5479
5480
5481
5489
5500
5501
5502
5504
5505
5506
5507
5508
5522
5524
5528
5530
5540
5541
5544
5548
5553
5564
5568
5572
5574
5577
5582
5602
5608
5610
5611
5617
5618
5620
5621
5630
5650
5666
5668
5669
5673
5679
5690
5693
5712
5747
5772
5782
5784
5785
5791
5792
5796
5803
5804
5809
5810
5812
5816
5833
5853
5872
5876
5878
5881
5882
5893
5899
5900
5902
5903
5941
5942
5943
5944
5945
5952
5954
5955
5956
5957
5959
5970
5971
5989
5991
5992
5995
6001
6003
6006
6013
6014
6016
6058
6059
6062
6078
6093
6104
6155
6156
6157
6166
6170
6184
6187
6188
6197
6212
6213
6214
6218
6219
6238
6242
6250
6263
6264
6266
6281
6283
6286
6287
6290
6291
6294
6296
6297
6299
6301
6303
6305
6322
6323
6331
6333
6338
6350
6365
6367
6370
6373
6377
6378
6379
6380
6383
6385
6436
6440
6482
6484
6502
6503
6534
6535
6537
6538
6539
6541
6548
6550
6552
6564
6565
6566
6586
6591
6593
6595
6615
6617
6618
6620
6624
6636
6639
6643
6645
6650
6659
6662
6663
6664
6666
6669
6695
6707
6708
6709
6711
6724
6731
6753
6754
6755
6763
6764
6765
6773
6774
6777
6783
6785
6786
6787
6791
6793
6794
6796
6797
6800
6807
6808
6810
6820
6832
6852
6857
6862
6863
6867
6870
6873
6874
6879
6880
6881
6887
6888
6889
6890
6893
6932
6934
6936
6942
6944
6947
6950
6951
6952
6953
6954
6957
6958
6959
6966
6974
6975
6979
6985
6987
6993
6996
7000
7001
7004
7007
7008
7013
7017
7018
7022
7027
7028
7033
7034
7036
7040
7044
7045
7046
7060
7063
7064
7072
7073
7076
7084
7090
7099
7101
7102
7104
7116
7121
7123
7132
7137
7139
7143
7147
7149
7150
7151
7153
7154
7155
7156
7158
7160
7161
7162
7163
7164
7173
7215
7228
7234
7235
7247
7254
7255
7256
7263
7265
7285
7293
7317
7318
7323
7324
7325
7327
7346
7347
7348
7360
7361
7362
7366
7367
7369
7371
7373
7376
7380
7381
7386
7387
7419
7438
7439
7444
7445
7451
7454
7458
7460
7481
7482
7560
7569
7570
7573
7587
7618
7669
7698
7700
7701
7706
7757
7766
7802
7827
7836
7925
7934
7980
7981
7982
7983
8014
8042
8132
8154
8169
8207
8228
8337
8340
8360
8361
8366
8368
8369
8370
8371
8372
8373
8376
8387
8464
8477
8493
8501
8507
8526
8528
8529
8531
8533
8542
8581
8596
8604
8607
8610
8614
8622
8623
8633
8636
8638
8640
8641
8643
8644
8645
8665
8666
8781
8783
8784
8798
8807
8808
8810
8814
8827
8860
8861
8865
8866
8870
8873
8874
8879
8880
8907
8908
8910
8914
8916
8917
8937
8939
8947
8948
8949
8950
8951
8957
8958
8961
8965
8966
8968
8969
8970
8972
8973
8974
8977
8981
8983
8984
8985
25771
26131
26133
26152
26242
26555
26662
26680
26729
26776
27266
27317
27482
27592
27660
27706
27721
27728
27731
27772
27773
27788
27790
27801
27803
27808
27815
27821
27822
27831
27837
27838
27839
27846
27904
30707
30749
30793
30803
30810
30812
30816
30820
30822
30825
30894
30898
31221
31225
31364
31410
31420
31427
31433
31658
31685
31696
31804
31878
32017
32019
32029
32031
32213
32296
32587
32596
32598
33004
33085
33154
33158
33162
33164
33166
33171
33437
33493
33499
33615
33646
33660
33669
33679
33683
33794
33834
33836
33880
34048
34072
34143
34150
34153
34162
34271
34319
34323
34332
34334
34336
34338
34405
34437
34520
34528
34530
34532
34534
34542
35836
35957
36276
36401
36517
36519
36525
36527
36529
36535
37380
37382
37384
37386
37720
37727
37729
37731
37733
37741
37830
37857
38038
38061
38798
38886
39183
39231
39292
39381
39414
39427
39435
39444
39446
40148
40278
40339
40581
40583
40614
40629
40732
40815
40819
40826
40851
41285
41566
41569
41571
41573
41716
41863
41997
42002
42004
42007
42011
42418
42632
42718
42723
42725
42734
42738
43396
43560
43679
43836
43871
43919
43921
43928
43936
44004
44022
44191
44193
44195
44199
44397
44555
44665
44694
44709
44761
44788
44828
44972
44974
45028
45062
45081
45186
45208
45210
45431
45442
45447
45499
45501
45517
45662
45666
45668
45672
45720
45722
45726
45728
45730
45732
45880
45928
45950
46062
46322
46335
46530
46578
46723
46948
46965
46967
46970
46972
46974
46976
47044
47099
47122
47200
47382
47423
47518
47610
47629
47640
47644
47810
47997
47999
48043
48082
48142
48304
48322
48385
48394
48412
48414
48516
48520
48696
48738
48774
48780
48783
48877
48982
48997
49272
49274
49278
49286
49396
49530
49649
49651
49772
49822
49824
49932
49961
50068
50442
50601
50685
50794
50798
50804
50872
50912
51077
51080
51084
51086
51091
51255
51412
51540
51575
51662
51709
51925
51931
51935
51939
52042
52241
52245
52281
52287
52328
52435
52458
52579
52604
52644
52694
52722
52885
52952
52973
52975
53000
53121
53123
53125
53129
53318
53322
53460
53464
53519
53550
53894
53953
53956
53972
53993
53996
54001
54004
54190
54256
54259
54272
54281
54286
54372
54503
54648
54732
54736
54771
54785
54881
54995
54997
54999
55052
55069
55094
55118
55232
55245
55247
55267
55269
55274
55276
55280
55282
55290
55363
55442
55444
55577
55721
55765
55768
55805
55814
55820
55830
55872
55908
55995
55999
56145
56152
56156
56171
56174
56176
56333
56339
56367
56587
56607
56715
56757
56775
56782
56788
56801
56805
56941
56949
57274
57368
57504
57528
57532
57640
57669
57951
58025
58047
58103
58105
58154
58156
58162
58293
58295
58297
58299
58301
58303
58347
58559
58803
58998
59018
59022
59037
59103
59126
59258
59315
59369
59387
59421
59501
59615
59725
59727
59784
59900
60037
60040
60069
60072
60074
60126
60397
60487
60514
60684
60756
60760
60766
60937
60950
61024
61132
61160
61236
61240
61248
61250
61323
61350
61352
61401
61729
62081
62113
62155
62344
62374
62376
62394
62434
62437
62511
62849
62999
63033
63062
63072
63082
63113
63131
63436
63479
63853
63859
63876
63992
64030
64034
64197
64497
64575
64614
64620
64622
64716
64839
64957
64969
64983
65088
65130
65216
65230
65261
65514
65585
65642
65682
65802
66097
66171
66198
66203
66509
66665
66934
67087
67193
67197
67255
67267
67408
67695
67734
67923
67997
68073
68135
68157
68159
68205
68237
68319
68358
68554
68791
68793
68848
68952
68954
69122
69134
69278
69306
69406
69436
69481
69526
69604
69640
69644
69757
69784
69844
69951
70159
70183
70286
70293
70336
70599
70728
71033
71057
71108
71135
71156
71205
71211
71248
71252
71254
71264
71282
71379
71462
71464
71518
71520
71530
71535
71579
71668
71745
71838
72011
72129
72167
72226
72294
72356
72378
72380
72395
72405
72407
72605
72641
72720
72731
72733
72737
72998
73015
73017
73023
73266
73268
73290
73321
73323
73344
73929
74156
74228
74275
74450
74452
74458
74510
74530
74545
74685
74789
74795
74851
74946
74948
75805
75985
76077
76093
76175
76251
76293
77307
77455
77561
77800
77866
78039
78088
78105
78209
78266
78349
78469
78499
78574
78637
78772
78893
79057
79091
79132
79134
79139
79185
79224
79242
79293
79357
79428
79553
79592
79695
79702
79720
80126
80166
80219
80363
80463
80489
80549
80590
80615
80693
80831
80846
80906
80917
80969
81156
81229
81417
81537
81562
81564
81591
81782
81788
81834
81845
81847
81932
82167
82169
82202
82459
82461
82667
82852
83132
83134
83349
83480
83613
84152
84374
84392
84601
84772
84944
84954
85020
85022
85056
85131
85342
85367
85401
85412
85414
85510
85774
85788
85881
86142
86190
86295
86298
86320
86332
86345
86347
86377
86644
86781
86833
86835
86880
86882
86898
86911
87192
87222
87232
87234
87304
87306
87430
87485
87520
87529
87869
87876
88125
88129
88140
88163
88235
88405
88744
88785
88810
88812
89030
89039
89118
89470
89492
89745
89753
89759
89761
89774
89804
89864
89904
90057
90249
90345
90376
90405
90430
90439
90522
90531
90600
90647
90717
90719
90746
90866
90888
91077
91094
91104
91126
91485
91500
91529
91535
91542
91622
91630
91653
91658
91974
91976
91978
92259
92420
92422
92507
93270
93272
93326
93363
93510
93721
93766
93805
93831
93838
93840
93855
94018
94070
94478
94677
94777
94780
94864
94896
94959
94985
95088
95105
95167
95207
95309
95441
95449
95510
95543
95558
95654
95720
95858
95873
95875
96079
96110
96281
96417
96432
96488
96588
96610
96655
96691
96728
96737
96811
96821
96829
96861
97172
97188
97225
97304
97306
97752
97860
97913
97921
97923
97938
98154
98203
98243
98491
98809
98961
99007
99112
99114
99117
99145
99149
99728
99910
99912
100163
100383
100390
100498
100714
101025
101076
101088
101112
101142
101285
101362
101525
101739
101864
102033
102123
102125
102194
102407
102445
102481
102686
102716
102800
102880
102903
102993
103042
103075
103141
103228
103249
103253
103306
103335
103339
103341
103372
103384
103539
103655
103688
103772
103810
103883
103980
104211
104241
104243
104283
104374
104841
104879
104913
104944
105197
105213
105355
105468
105504
105653
105844
106002
106072
106100
106438
106487
106489
106491
106696
106766
106782
106916
106918
106920
107069
107141
107348
107406
107771
108188
108190
108727
108729
108928
108932
108945
109374
109487
109578
109673
109848
110102
110127
110501
110553
110586
110730
110882
111113
111360
111362
111364
111384
111443
111622
111659
111743
111759
111781
111921
112138
112171
112175
112183
112290
112370
112552
112556
112623
112852
112897
113345
113348
113378
113573
113741
114060
114180
114662
114795
114935
115122
115149
115170
115210
115231
115569
115617
115713
116161
116797
116799
116823
116897
116977
117176
117529
117533
117590
117881
117887
117895
118696
118700
118900
118997
119141
119145
119155
120466
120635
120799
121231
122882
122886
122890
122892
122896
122898
122900
122902
122904
122906
122910
122912
122914
122916
122918
122920
122922
122924
122926
125916
127108
127152
127202
128360
128838
129354
130490
130576
130634
132046
132796
133419
133645
133771
134130
134170
134368
134393
134853
135133
135137
135143
135436
135536
135567
135569
135861
135887
136018
136020
136562
136864
137857
138036
139385
139642
139644
140110
140174
140247
140267
140715
140956
141866
142448
142488
143347
143355
143385
143859
146656
148626
149334
149406
152077
152081
152970
157296
157699
158238
158783
158872
158966
159093
159415
159817
159858
160080
160271
160438
160980
161131
161582
161634
162082
162350
162414
162578
162598
162600
162602
162606
163134
163645
164179
164909
165549
165551
166024
166461
166528
166534
166635
166643
166946
167746
168248
168250
168252
168254
168326
168366
168612
169864
169984
170705
171763
173145
173291
173941
174055
174909
175303
175569
175661
176101
176371
176419
177593
177615
177763
177765
178061
179401
179817
179819
180031
180297
180497
182715
182823
183611
183837
183869
183897
185029
187031
187541
187593
187595
188301
189203
189333
189713
192385
192389
192803
193944
194448
195159
